c_1: .0001
c_0: 0.02
l: 0.5
r_wheel: 0.08451952624
i_wheel: .001
gamma: 0.33333333
tau_0: 0.3
omega_0: 30

Q1: 0.1
Q3: 3
Q4: 0.1
R1: 0.0
R3: 0.3